31
-95.00708,160.12193,0.0,f
-41.406906,244.54361,0.0,f
120.21242,251.87874,0.0,f
140.07518,153.87123,0.0,f
32.53989,95.3137,0.0,f
24.872845,195.01935,0.0,f
29.033531,302.75662,0.0,f
128.56963,293.1356,0.0,f
175.32475,263.25342,0.0,f
103.740814,193.42691,0.0,f
30.47296,144.42418,0.0,f
24.57315,191.71806,77.34013,f
51.87546,226.07704,0.0,f
151.78212,221.75745,0.0,f
129.65546,131.90688,0.0,f
50.06301,192.44646,0.0,f
16.409409,304.63272,0.0,f
108.55225,265.7779,0.0,f
49.02281,149.37538,0.0,f
-43.74456,186.71457,0.0,f
191.08932,249.81177,123.018684,f
164.03574,202.53665,-0.07017117,f
158.2799,138.812,0.0,f
144.83812,39.71952,0.0,f
49.951218,196.61356,0.0,f
26.53555,293.83344,0.0,f
107.19625,278.06277,0.0,f
198.62917,237.56557,0.0,f
175.9442,181.18205,0.0,f
77.79299,200.32211,0.0,f
132.68219,223.89359,0.0,f
